# Created by Octave 3.6.4, Fri Apr 11 13:10:47 2014 PDT <thundershield@Sam>
# name: A_init_t_ordered
# type: sparse matrix
# nnz: 2194
# rows: 279
# columns: 279
23 2 1
2 3 1
65 3 2
150 3 2
1 4 3
40 4 2
177 4 1
270 4 1
2 5 7
8 5 2
14 5 1
23 5 2
31 5 2
270 5 1
1 7 7
4 7 2
9 7 1
40 7 4
270 7 1
31 8 4
40 8 2
87 8 1
150 8 2
3 9 1
5 9 1
17 9 1
150 9 1
7 10 1
8 10 1
40 10 2
89 10 1
1 11 2
3 11 5
15 11 1
28 11 1
40 11 6
65 11 4
20 12 1
47 12 1
16 13 1
25 13 1
65 13 1
5 14 1
1 15 10
2 15 11
4 15 3
5 15 4
7 15 2
22 15 3
23 15 1
31 15 1
40 15 2
60 15 1
65 15 5
77 15 1
155 15 1
270 15 3
13 16 2
38 16 7
42 16 1
47 16 8
52 16 2
73 16 1
137 16 1
152 16 2
209 16 1
40 17 4
150 17 1
209 17 3
36 18 1
38 18 2
6 19 7
16 19 2
20 19 1
21 19 1
47 19 5
270 19 1
6 20 3
47 20 1
176 20 1
13 21 1
25 21 3
34 21 1
36 21 1
47 21 1
57 21 1
2 22 3
31 22 2
2 23 1
3 23 8
31 23 6
60 23 1
61 23 1
65 23 1
6 24 1
20 24 1
112 24 3
128 24 4
13 25 1
47 25 2
13 26 2
15 26 1
28 26 1
47 26 5
65 26 2
135 26 1
65 27 1
137 27 1
6 28 11
18 28 15
19 28 5
20 28 3
33 28 2
34 28 3
36 28 6
38 28 1
53 28 3
65 28 6
149 28 1
154 28 1
270 28 3
1 29 4
2 29 2
4 29 1
6 29 2
8 29 2
13 29 2
18 29 3
21 29 2
22 29 1
107 30 2
120 30 3
148 30 2
8 31 4
49 31 1
65 31 1
137 31 2
197 31 2
2 32 1
30 32 1
65 32 1
95 32 1
111 32 1
123 32 3
148 32 2
163 32 1
13 33 7
18 33 2
38 33 3
53 33 1
65 33 6
18 34 4
38 34 1
1 35 3
2 35 4
3 35 2
6 35 2
9 35 1
16 35 2
18 35 2
20 35 1
22 35 1
33 35 1
34 35 2
36 35 1
52 35 1
65 35 2
103 35 1
16 36 1
18 36 6
27 36 1
33 36 1
38 36 2
270 36 1
123 37 1
157 37 1
193 37 1
262 37 5
268 37 5
16 38 6
57 38 1
58 38 1
65 38 2
137 38 1
198 38 1
2 39 1
3 39 2
6 39 1
13 39 1
18 39 3
22 39 2
34 39 2
65 39 1
93 39 1
118 39 3
121 39 5
244 39 1
8 40 3
17 40 1
65 40 1
150 40 1
157 40 1
197 40 3
7 41 4
8 41 1
9 41 4
10 41 6
21 41 1
27 41 4
33 41 4
34 41 1
40 41 3
49 41 9
57 41 12
89 41 12
157 41 3
113 42 3
115 42 3
128 42 3
254 42 1
264 42 3
16 43 4
27 43 3
49 43 6
57 43 13
94 43 1
113 43 1
132 43 2
154 43 2
264 43 1
267 43 1
3 44 2
17 44 4
111 44 5
148 44 1
157 44 1
60 45 2
152 45 1
9 46 2
12 46 5
14 46 2
16 46 3
19 46 5
20 46 1
21 46 4
23 46 4
47 46 2
49 46 11
57 46 10
68 46 7
93 46 1
158 46 5
6 47 1
16 47 2
25 47 1
65 47 1
137 47 1
152 47 1
198 47 1
27 48 1
32 48 2
42 48 17
45 48 1
56 48 1
59 48 12
60 48 2
67 48 7
69 48 1
72 48 6
77 48 2
80 48 2
95 48 2
97 48 7
100 48 1
101 48 3
106 48 6
113 48 1
115 48 2
117 48 16
119 48 13
126 48 5
128 48 1
132 48 5
144 48 14
145 48 12
148 48 2
150 48 2
152 48 5
154 48 1
157 48 1
170 48 1
176 48 3
179 48 2
201 48 1
224 48 2
226 48 6
227 48 6
243 48 1
247 48 2
254 48 3
255 48 5
261 48 5
262 48 2
263 48 7
265 48 9
266 48 3
268 48 7
269 48 8
275 48 1
276 48 4
277 48 4
278 48 2
2 49 1
14 49 1
32 49 5
43 49 3
44 49 8
52 49 4
54 49 7
57 49 4
61 49 15
62 49 3
65 49 11
66 49 3
69 49 3
77 49 4
85 49 1
86 49 1
93 49 2
94 49 1
95 49 3
101 49 5
109 49 2
111 49 5
133 49 8
138 49 7
148 49 3
150 49 1
254 49 1
71 50 1
76 50 2
77 50 1
110 50 3
114 50 4
136 50 2
142 50 1
211 50 1
259 50 4
112 51 2
113 51 2
115 51 3
152 51 1
254 51 1
267 51 2
3 52 3
8 52 2
9 52 1
13 52 2
16 52 3
21 52 4
25 52 1
49 52 6
57 52 3
62 52 1
85 52 2
108 52 2
113 52 1
115 52 3
137 52 2
150 52 4
157 52 1
158 52 4
18 53 1
21 53 2
25 53 6
70 53 1
111 53 2
116 53 1
158 53 1
8 54 4
14 54 4
16 54 3
49 54 11
57 54 7
86 54 2
93 54 2
95 54 2
126 54 1
132 54 1
137 54 1
155 54 2
74 55 5
105 55 2
123 55 4
30 56 2
48 56 2
51 56 13
59 56 7
60 56 3
67 56 16
73 56 2
81 56 5
87 56 3
94 56 1
97 56 7
100 56 1
104 56 1
106 56 7
107 56 2
112 56 1
116 56 1
117 56 15
119 56 19
126 56 6
132 56 5
144 56 17
145 56 5
148 56 3
150 56 3
152 56 1
155 56 2
158 56 1
160 56 3
191 56 1
224 56 3
226 56 6
227 56 9
231 56 1
239 56 2
243 56 2
247 56 2
251 56 2
254 56 1
255 56 7
261 56 6
262 56 4
263 56 7
265 56 6
266 56 7
268 56 7
269 56 11
272 56 1
277 56 1
18 57 2
27 57 1
30 57 5
43 57 8
49 57 1
52 57 3
53 57 3
54 57 5
62 57 7
65 57 8
70 57 16
75 57 1
81 57 2
85 57 1
86 57 2
93 57 2
99 57 1
107 57 2
109 57 1
111 57 1
116 57 6
129 57 7
134 57 6
148 57 2
243 57 2
254 57 2
122 58 4
135 58 3
256 58 4
3 59 1
12 59 2
16 59 16
21 59 1
27 59 6
30 59 1
32 59 4
38 59 5
44 59 4
45 59 2
47 59 6
56 59 2
94 59 1
95 59 2
97 59 1
101 59 3
104 59 1
107 59 3
125 59 1
129 59 4
137 59 7
141 59 2
145 59 4
150 59 1
154 59 1
155 59 1
157 59 2
160 59 1
163 59 2
197 59 1
224 59 1
254 59 9
262 59 2
268 59 1
276 59 3
278 59 1
31 60 1
92 60 1
179 60 1
66 61 9
77 61 3
3 62 1
9 62 3
21 62 2
25 62 1
45 62 1
49 62 6
52 62 3
53 62 1
57 62 8
88 62 1
93 62 1
96 62 3
113 62 1
115 62 1
137 62 4
140 62 1
152 62 2
157 62 3
158 62 2
83 63 7
105 63 2
111 63 1
120 63 5
123 63 1
23 64 3
2 65 2
3 65 7
7 65 1
13 65 6
14 65 1
18 65 3
23 65 1
33 65 2
107 65 1
150 65 2
152 65 1
244 65 1
60 66 2
74 66 1
210 66 1
211 66 2
8 67 21
9 67 2
10 67 2
12 67 2
14 67 5
21 67 1
30 67 4
31 67 3
40 67 5
45 67 2
53 67 2
56 67 2
81 67 3
95 67 5
97 67 2
100 67 3
107 67 2
116 67 4
129 67 2
133 67 5
136 67 1
137 67 7
141 67 1
145 67 2
152 67 1
156 67 2
158 67 3
160 67 1
163 67 1
247 67 1
254 67 5
262 67 1
268 67 1
5 68 5
8 68 7
9 68 5
12 68 3
14 68 4
21 68 3
26 68 3
31 68 4
46 68 4
47 68 1
49 68 12
54 68 2
57 68 10
62 68 1
93 68 1
137 68 1
198 68 1
76 69 2
82 69 5
90 69 1
99 69 4
105 69 1
127 69 1
138 69 1
65 70 1
75 70 4
81 70 2
83 70 3
91 70 3
99 70 1
134 70 1
243 70 1
74 71 1
110 71 1
136 71 2
80 72 2
93 72 2
94 72 1
121 72 3
140 72 1
151 72 9
177 72 1
273 72 5
92 73 2
127 73 2
138 74 3
70 75 1
83 75 1
91 75 1
111 75 1
211 75 2
44 77 1
60 77 2
110 77 1
157 77 1
210 77 2
211 77 1
27 78 1
33 78 4
46 78 1
150 78 1
38 79 1
75 79 1
82 79 1
120 79 1
127 79 2
135 79 2
30 80 1
42 80 1
50 80 2
60 80 7
69 80 2
71 80 3
72 80 1
76 80 1
77 80 5
99 80 7
105 80 2
107 80 2
110 80 10
115 80 4
123 80 2
129 80 8
133 80 4
144 80 2
154 80 1
155 80 1
179 80 2
210 80 1
244 80 2
255 80 1
70 81 1
73 81 3
75 81 2
90 81 1
149 81 2
158 81 1
211 81 2
243 81 1
69 82 1
73 82 3
76 82 2
90 82 2
99 82 1
105 82 1
110 82 1
127 82 3
138 82 1
58 83 1
105 83 1
127 83 1
134 83 1
256 83 2
11 84 3
27 84 1
157 84 2
193 84 1
262 84 2
38 85 1
43 85 1
49 85 2
57 85 1
150 85 1
8 86 3
10 86 1
12 86 4
49 86 8
51 86 6
54 86 2
57 86 7
93 86 2
94 86 3
107 86 1
115 86 2
126 86 3
132 86 4
140 86 1
57 87 1
80 87 2
85 87 3
113 87 1
118 87 4
141 87 1
151 87 4
254 87 1
260 87 4
21 88 1
31 88 1
47 88 4
150 88 1
156 88 4
179 88 2
7 89 1
10 89 4
11 89 4
16 89 10
17 89 1
21 89 2
27 89 6
36 89 10
38 89 2
41 89 6
43 89 1
49 89 7
52 89 1
57 89 11
197 89 1
48 91 1
92 91 1
104 91 2
136 91 2
142 91 2
147 91 2
149 91 1
176 91 1
177 91 1
243 91 3
257 91 1
91 92 1
136 92 1
142 92 1
147 92 4
159 92 1
207 92 1
247 92 1
257 92 1
258 92 1
274 92 1
49 93 4
54 93 1
126 93 1
150 93 1
154 93 1
60 94 1
66 94 1
69 94 1
73 94 10
79 94 2
81 94 3
82 94 4
87 94 1
90 94 1
95 94 2
99 94 4
105 94 10
127 94 14
129 94 1
133 94 8
144 94 2
145 94 1
151 94 1
154 94 1
155 94 2
157 94 1
210 94 1
224 94 1
244 94 4
255 94 3
1 95 1
8 95 8
10 95 1
14 95 2
24 95 1
30 95 1
32 95 4
40 95 2
65 95 5
76 95 1
94 95 4
101 95 9
113 95 1
120 95 1
123 95 2
137 95 3
138 95 4
163 95 1
255 95 1
52 96 1
87 96 1
115 96 1
140 96 1
151 96 2
163 96 1
224 96 1
244 96 2
255 96 2
17 97 1
44 97 1
53 97 1
56 97 1
60 97 4
66 97 1
73 97 1
77 97 6
80 97 5
91 97 1
92 97 2
100 97 3
104 97 1
106 97 1
113 97 2
115 97 2
117 97 1
141 97 1
142 97 1
144 97 4
145 97 5
147 97 1
148 97 3
149 97 1
154 97 2
155 97 4
159 97 10
160 97 2
179 97 6
193 97 6
207 97 1
243 97 4
247 97 5
254 97 1
255 97 1
256 97 1
262 97 5
268 97 8
270 97 4
276 97 1
14 98 1
26 98 2
46 98 1
157 98 1
268 98 2
69 99 1
74 99 4
82 99 1
83 99 1
90 99 2
120 99 3
123 99 1
133 99 1
44 100 1
60 100 3
73 100 2
92 100 4
142 100 1
145 100 1
147 100 1
149 100 2
152 100 1
155 100 5
159 100 2
177 100 1
193 100 1
262 100 1
266 100 1
270 100 2
276 100 1
278 100 5
1 101 1
44 101 5
61 101 5
95 101 1
111 101 1
254 101 1
47 102 1
49 102 2
57 102 1
198 102 1
26 103 1
38 103 2
40 103 4
47 103 1
157 103 1
163 103 3
179 103 1
267 103 1
60 104 1
91 104 3
100 104 1
115 104 1
136 104 1
142 104 2
