# Created by Octave 3.6.4, Sat Mar 08 23:26:59 2014 PST <thundershield@Sam>
# name: alpha_gen_vec
# type: matrix
# rows: 1
# columns: 1001
 0 0.3141592653589793 0.6283185307179586 0.9424777960769379 1.256637061435917 1.570796326794897 1.884955592153876 2.199114857512855 2.513274122871834 2.827433388230814 3.141592653589793 3.455751918948772 3.769911184307752 4.084070449666731 4.39822971502571 4.71238898038469 5.026548245743669 5.340707511102648 5.654866776461628 5.969026041820607 6.283185307179586 6.597344572538566 6.911503837897545 7.225663103256524 7.539822368615503 7.853981633974483 8.168140899333462 8.482300164692441 8.796459430051421 9.1106186954104 9.424777960769379 9.738937226128359 10.05309649148734 10.36725575684632 10.6814150222053 10.99557428756428 11.30973355292326 11.62389281828223 11.93805208364121 12.25221134900019 12.56637061435917 12.88052987971815 13.19468914507713 13.50884841043611 13.82300767579509 14.13716694115407 14.45132620651305 14.76548547187203 15.07964473723101 15.39380400258999 15.70796326794897 16.02212253330794 16.33628179866692 16.65044106402591 16.96460032938488 17.27875959474386 17.59291886010284 17.90707812546182 18.2212373908208 18.53539665617978 18.84955592153876 19.16371518689774 19.47787445225672 19.79203371761569 20.10619298297468 20.42035224833366 20.73451151369263 21.04867077905161 21.36283004441059 21.67698930976957 21.99114857512855 22.30530784048753 22.61946710584651 22.93362637120549 23.24778563656447 23.56194490192345 23.87610416728243 24.19026343264141 24.50442269800039 24.81858196335936 25.13274122871834 25.44690049407733 25.7610597594363 26.07521902479528 26.38937829015426 26.70353755551324 27.01769682087222 27.3318560862312 27.64601535159018 27.96017461694916 28.27433388230814 28.58849314766712 28.9026524130261 29.21681167838508 29.53097094374406 29.84513020910303 30.15928947446201 30.473448739821 30.78760800517997 31.10176727053895 31.41592653589793 31.73008580125691 32.04424506661589 32.35840433197487 32.67256359733385 32.98672286269283 33.30088212805181 33.61504139341078 33.92920065876977 34.24335992412875 34.55751918948772 34.8716784548467 35.18583772020568 35.49999698556466 35.81415625092365 36.12831551628262 36.4424747816416 36.75663404700058 37.07079331235956 37.38495257771854 37.69911184307752 38.0132711084365 38.32743037379548 38.64158963915445 38.95574890451343 39.26990816987242 39.58406743523139 39.89822670059037 40.21238596594935 40.52654523130833 40.84070449666731 41.15486376202629 41.46902302738527 41.78318229274425 42.09734155810322 42.41150082346221 42.72566008882119 43.03981935418017 43.35397861953915 43.66813788489812 43.9822971502571 44.29645641561608 44.61061568097506 44.92477494633404 45.23893421169302 45.553093477052 45.86725274241098 46.18141200776996 46.49557127312894 46.80973053848792 47.12388980384689 47.43804906920587 47.75220833456486 48.06636759992384 48.38052686528282 48.69468613064179 49.00884539600077 49.32300466135975 49.63716392671873 49.95132319207771 50.26548245743669 50.57964172279567 50.89380098815465 51.20796025351363 51.52211951887261 51.83627878423159 52.15043804959056 52.46459731494954 52.77875658030852 53.09291584566751 53.40707511102649 53.72123437638546 54.03539364174444 54.34955290710342 54.6637121724624 54.97787143782138 55.29203070318036 55.60618996853934 55.92034923389832 56.2345084992573 56.54866776461628 56.86282702997526 57.17698629533423 57.49114556069321 57.80530482605219 58.11946409141117 58.43362335677016 58.74778262212913 59.06194188748811 59.37610115284709 59.69026041820607 60.00441968356505 60.31857894892403 60.63273821428301 60.94689747964199 61.26105674500096 61.57521601035995 61.88937527571893 62.2035345410779 62.51769380643688 62.83185307179586 63.14601233715484 63.46017160251382 63.7743308678728 64.08849013323177 64.40264939859075 64.71680866394973 65.03096792930872 65.3451271946677 65.65928646002668 65.97344572538566 66.28760499074464 66.60176425610362 66.91592352146259 67.23008278682157 67.54424205218055 67.85840131753953 68.17256058289851 68.48671984825749 68.80087911361647 69.11503837897544 69.42919764433442 69.7433569096934 70.05751617505238 70.37167544041137 70.68583470577035 70.99999397112933 71.31415323648831 71.62831250184729 71.94247176720626 72.25663103256524 72.57079029792422 72.8849495632832 73.19910882864218 73.51326809400116 73.82742735936014 74.14158662471911 74.45574589007809 74.76990515543707 75.08406442079605 75.39822368615503 75.71238295151402 76.026542216873 76.34070148223198 76.65486074759096 76.96902001294993 77.28317927830891 77.59733854366789 77.91149780902687 78.22565707438585 78.53981633974483 78.85397560510381 79.16813487046278 79.48229413582176 79.79645340118074 80.11061266653972 80.4247719318987 80.73893119725768 81.05309046261667 81.36724972797565 81.68140899333463 81.99556825869359 82.30972752405258 82.62388678941156 82.93804605477054 83.25220532012952 83.5663645854885 83.88052385084748 84.19468311620645 84.50884238156543 84.82300164692441 85.13716091228339 85.45132017764237 85.76547944300135 86.07963870836033 86.39379797371932 86.7079572390783 87.02211650443726 87.33627576979625 87.65043503515523 87.96459430051421 88.27875356587319 88.59291283123217 88.90707209659115 89.22123136195012 89.5353906273091 89.84954989266808 90.16370915802706 90.47786842338604 90.79202768874502 91.106186954104 91.42034621946299 91.73450548482197 92.04866475018093 92.36282401553991 92.6769832808989 92.99114254625788 93.30530181161686 93.61946107697584 93.93362034233482 94.24777960769379 94.56193887305277 94.87609813841175 95.19025740377073 95.50441666912971 95.81857593448869 96.13273519984767 96.44689446520665 96.76105373056564 97.0752129959246 97.38937226128358 97.70353152664256 98.01769079200155 98.33185005736053 98.64600932271951 98.96016858807849 99.27432785343746 99.58848711879644 99.90264638415542 100.2168056495144 100.5309649148734 100.8451241802324 101.1592834455913 101.4734427109503 101.7876019763093 102.1017612416683 102.4159205070273 102.7300797723862 103.0442390377452 103.3583983031042 103.6725575684632 103.9867168338222 104.3008760991811 104.6150353645401 104.9291946298991 105.2433538952581 105.557513160617 105.871672425976 106.185831691335 106.499990956694 106.814150222053 107.1283094874119 107.4424687527709 107.7566280181299 108.0707872834889 108.3849465488479 108.6991058142068 109.0132650795658 109.3274243449248 109.6415836102838 109.9557428756428 110.2699021410017 110.5840614063607 110.8982206717197 111.2123799370787 111.5265392024377 111.8406984677966 112.1548577331556 112.4690169985146 112.7831762638736 113.0973355292326 113.4114947945915 113.7256540599505 114.0398133253095 114.3539725906685 114.6681318560274 114.9822911213864 115.2964503867454 115.6106096521044 115.9247689174634 116.2389281828223 116.5530874481813 116.8672467135403 117.1814059788993 117.4955652442583 117.8097245096172 118.1238837749762 118.4380430403352 118.7522023056942 119.0663615710532 119.3805208364121 119.6946801017711 120.0088393671301 120.3229986324891 120.6371578978481 120.951317163207 121.265476428566 121.579635693925 121.893794959284 122.2079542246429 122.5221134900019 122.8362727553609 123.1504320207199 123.4645912860789 123.7787505514379 124.0929098167968 124.4070690821558 124.7212283475148 125.0353876128738 125.3495468782327 125.6637061435917 125.9778654089507 126.2920246743097 126.6061839396687 126.9203432050276 127.2345024703866 127.5486617357456 127.8628210011046 128.1769802664635 128.4911395318225 128.8052987971815 129.1194580625405 129.4336173278995 129.7477765932585 130.0619358586174 130.3760951239764 130.6902543893354 131.0044136546944 131.3185729200534 131.6327321854123 131.9468914507713 132.2610507161303 132.5752099814893 132.8893692468482 133.2035285122072 133.5176877775662 133.8318470429252 134.1460063082842 134.4601655736431 134.7743248390021 135.0884841043611 135.4026433697201 135.7168026350791 136.030961900438 136.345121165797 136.659280431156 136.973439696515 137.287598961874 137.6017582272329 137.9159174925919 